491305647
1580955973
860260717
1546280223
806859415
416099849
491305647
1658257142
1546280223
1496314895
1255341389
751123971
962793502
689734331
148179678
523104996
108210249
976661885
1816067961
640011425
860260717
55800811
252575372
918038393
857994575
48452360
998715903
30655608
586288444
806859415
350045602
643659699
629311178
287569687
566764353
10145915
860531889
155996297
604342441
179173691
378142
1255341389
20465498
1580955973
331359106
2543677562
1658257142
378144
957586501
507445627
1597454551
1410401301
737621194
778678234
574265156
388992613
588131663
377030164
603836295
54594375
1993196020
866513703
42333419
177121199
607752021
232379973
894763557
744095579
3383051273
789862597
361067889
1503451256
114841379
1395248337
620484875
55509211
9719749
799981023
518272665
1655299107
10231633
55699632
200815558
646626539
491305647
899388369
1580955973
860260717
2322247704
1546280223
13923620
749842432
383334024
696881930
39125021
16499425
229023913
657290169
221220401
658748718
1107365814
619187400
687572998
733001538
1123329439
542939043
1255341389
204571912
751123971
15700152
760049761
378143
860617833
120640825
479109585
127873789
2616588
457770650
622190640
212470
596765124
205220795
699254
37727430
451471
168266140
1161264
818145418
337477685
876885662
2135045
586288444
33940813
806859415
1148181995
656491473
620970985
858542995
786114407
1974844454
873448538
125096798
928375357
5010135271
348205758
152417075
3257969623
52096762
602190206
777440709
2543677562
1658257142
1427381683
392392
631198878
938592087
1246271805
536295
507915516
53718813
2454841
34162751
339946366
319151
1461918174
407962326
281418026
28882003
243346466
401195062
1752657021
1094456901
211470468
591289923
622519331
810814
963572189
1573107
117122633
921080512
15403908
1680106630
268743620
679536924
985519962
898201553
200744179
917447041
557210027
997958097
1859134568
2577363758
44372906
37500673
439035337
610145567
802598174
3913144447
399786369
21086247
15744859
37783653
14960763
480409601
482879
4197509
23650554
909171066
5029400
1151793601
249281211
378996
365388
2426705440
3719776800
10895462
54492718
447030635
3888128002
952249169
5260272666
154316852
971864782
197950943
465792145
514732997
264003378
524910444
872692107
314220276
914637784
248390097
980616641
230257343
838288884
241004556
279555145
878849204
759683768
765496651
545812639
368708375
40695324
956739302
645099827
125719313
3868039007
985197035
1207425703
1100984064
45914607
173145116
916649798
234718256
290406996
674022410
1212447104
592497966
205639922
1234314957
5212843910
693257196
817684947
1202522461
795064126
322192684
249477719
821733065
1805285258
